"new_rdt"
287.3674443
290.9364504
291.2728361
292.1484613
292.3565321
292.4099865
292.4603236
292.4724926
292.4886998
292.6359186
292.712921
292.8093513
292.933279
293.0096482
293.1603435
293.3835335
293.4919032
293.6646753
293.7183082
293.7456158
293.8097943
293.8185084
294.0036667
294.1029313
294.3400854
294.5416965
294.5659494
295.0184685
295.0819876
295.3524622
295.4725701
295.9488076
296.2092608
296.2400381
296.29956
296.321838
296.4453838
296.5419448
296.9778372
297.2299594
297.5061911
297.5500379
297.6287683
297.842736
297.890198
297.9077558
298.0425702
298.1387629
298.1537559
298.1678212
298.1997843
298.4344248
298.9233385
299.0289445
299.1364331
299.1740589
299.2826798
299.462255
299.5488162
299.5944228
299.6881189
299.7260585
300.1225755
300.1798327
300.3781253
300.4757095
300.5690851
300.8709986
300.994026
301.0129344
301.1549247
301.2368474
301.2424408
301.2558309
301.2708716
301.2842276
301.4293829
301.4337621
301.4400956
301.4572885
301.5535426
301.5768029
301.6623272
301.6714336
301.7168424
301.7450617
301.7668418
301.7938811
301.9244254
301.9667442
302.0110002
302.1072612
302.1222064
302.151524
302.2777914
302.2833916
302.3087938
302.331106
302.6794516
302.8985488
302.9720815
303.0269172
303.146684
303.2038935
303.2427335
303.2877193
303.3392877
303.4154601
303.420692
303.501803
303.5632826
303.5670615
303.618016
303.6250896
303.753417
303.7571687
303.8536138
304.2584526
304.3624078
304.3771826
304.3887172
304.4182326
304.5315875
304.6856786
305.1939543
305.2348338
305.2839943
305.5338211
305.5411948
305.5697757
305.579455
305.666214
305.6786831
305.7054837
305.7336894
305.7623657
305.7693097
305.8587085
305.8888651
305.9748055
306.135636
306.2508053
306.348069
306.4764237
306.538483
306.5873911
306.9590379
307.0147945
307.1405367
307.1664846
307.1733467
307.5930967
307.6775092
307.7166084
307.8120508
307.8464228
307.9973216
308.0223077
308.0760998
308.2943581
308.4134837
308.4529512
308.461621
308.4627055
308.5799349
308.6548045
308.6991014
308.7096606
308.8219991
308.8778307
309.1639669
309.1826706
309.4908256
309.6552918
309.7256935
309.8748734
310.1104234
310.1216375
310.1720463
310.2127552
310.4283464
310.4720294
310.9335116
310.953757
311.0751336
311.1066339
311.1290211
311.3505058
311.3553352
311.6713892
311.6739403
311.8462441
311.9475527
312.0080296
312.2080138
312.3130059
312.4262107
312.7193454
312.793451
312.8051971
